-- decompiled using medal by alpaca and jujhar

return {
    {
        ["cframe"] = CFrame.new(-1.5997314453125, 7.677507400512695, -11.140609741210938, -0.9985606670379639, 0.03155317157506943, -0.04337489232420921, -0.00006404891610145569, 0.8079649209976196, 0.5892306566238403, 0.05363754555583, 0.5883852243423462, -0.8068000078201294),
        ["fov"] = 69.11276360775821
    },
    {
        ["cframe"] = CFrame.new(-1.619354248046875, 7.500663757324219, -10.860214233398438, -0.998058021068573, 0.03656253218650818, -0.05043674260377884, -0.00012006238102912903, 0.8085112571716309, 0.5884807705879211, 0.06229507923126221, 0.5873438715934753, -0.8069368004798889),
        ["fov"] = 68.22552721551642
    },
    {
        ["cframe"] = CFrame.new(-1.63897705078125, 7.323819160461426, -10.579849243164062, -0.9974800944328308, 0.04156317561864853, -0.05750022083520889, -0.00016803666949272156, 0.8090571761131287, 0.5877299308776855, 0.07094894349575043, 0.5862585306167603, -0.8070114850997925),
        ["fov"] = 67.33829082327463
    },
    {
        ["cframe"] = CFrame.new(-1.658599853515625, 7.146975517272949, -10.299484252929688, -0.9968270659446716, 0.04655453935265541, -0.0645645335316658, -0.00020796246826648712, 0.8096026182174683, 0.5869783163070679, 0.07959817349910736, 0.5851292610168457, -0.8070241808891296),
        ["fov"] = 66.45105443103284
    },
    {
        ["cframe"] = CFrame.new(-1.67822265625, 6.970131874084473, -10.019119262695312, -0.9960994124412537, 0.05153604969382286, -0.0716288834810257, -0.0002398211508989334, 0.8101476430892944, 0.5862258672714233, 0.08824179321527481, 0.583956241607666, -0.8069753050804138),
        ["fov"] = 65.56381803879106
    },
    {
        ["cframe"] = CFrame.new(-1.6978759765625, 6.793288230895996, -9.738723754882812, -0.9952964782714844, 0.056507136672735214, -0.07869245111942291, -0.00026363134384155273, 0.8106920123100281, 0.585472822189331, 0.0968787893652916, 0.5827395915985107, -0.8068640828132629),
        ["fov"] = 64.67658164654927
    },
    {
        ["cframe"] = CFrame.new(-1.717498779296875, 6.6164445877075195, -9.458358764648438, -0.9944183826446533, 0.06146721914410591, -0.08575441688299179, -0.00027937814593315125, 0.8112359046936035, 0.5847190022468567, 0.10550816357135773, 0.5814792513847351, -0.8066906929016113),
        ["fov"] = 63.78934525430748
    },
    {
        ["cframe"] = CFrame.new(-1.73712158203125, 6.439599990844727, -9.178009033203125, -0.9934658408164978, 0.06641577184200287, -0.09281402081251144, -0.0002870596945285797, 0.8117790222167969, 0.5839647054672241, 0.11412899196147919, 0.5801756381988525, -0.806455671787262),
        ["fov"] = 62.90210886206569
    },
    {
        ["cframe"] = CFrame.new(-1.756744384765625, 6.26275634765625, -8.89764404296875, -0.9924390316009521, 0.07135219126939774, -0.09987042844295502, -0.00028668344020843506, 0.8123214244842529, 0.5832100510597229, 0.1227402463555336, 0.5788288712501526, -0.8061590194702148),
        ["fov"] = 62.0148724698239
    },
    {
        ["cframe"] = CFrame.new(-1.7763671875, 6.085912704467773, -8.617263793945312, -0.9913375377655029, 0.07627594470977783, -0.10692282021045685, -0.0002782456576824188, 0.8128629326820374, 0.5824549794197083, 0.13134095072746277, 0.57743901014328, -0.8058003783226013),
        ["fov"] = 61.12763607758211
    },
    {
        ["cframe"] = CFrame.new(-1.785369873046875, 6.004788398742676, -8.4886474609375, -0.990807056427002, 0.0785309299826622, -0.11015744507312775, -0.00027167797088623047, 0.8131112456321716, 0.5821083784103394, 0.13528381288051605, 0.5767868757247925, -0.8056150078773499),
        ["fov"] = 60.72063266708529
    },
    {
        ["cframe"] = CFrame.new(-1.79437255859375, 5.9236650466918945, -8.360031127929688, -0.9902609586715698, 0.08078336715698242, -0.11339137703180313, -0.0002634190022945404, 0.813359260559082, 0.5817616581916809, 0.13922464847564697, 0.5761256814002991, -0.8054167032241821),
        ["fov"] = 60.31362925658847
    },
    {
        ["cframe"] = CFrame.new(-1.803375244140625, 5.842540740966797, -8.231414794921875, -0.9896990656852722, 0.08303319662809372, -0.11662454158067703, -0.0002534613013267517, 0.8136071562767029, 0.5814149379730225, 0.14316335320472717, 0.5754554271697998, -0.805205225944519),
        ["fov"] = 59.90662584609164
    },
    {
        ["cframe"] = CFrame.new(-1.8123779296875, 5.761417388916016, -8.102798461914062, -0.989121675491333, 0.08528036624193192, -0.11985690146684647, -0.00024180114269256592, 0.8138549327850342, 0.5810680985450745, 0.14709988236427307, 0.5747759938240051, -0.804980993270874),
        ["fov"] = 59.49962243559482
    },
    {
        ["cframe"] = CFrame.new(-1.8214111328125, 5.680293083190918, -7.97418212890625, -0.9885284900665283, 0.08752482384443283, -0.12308834493160248, -0.00022845715284347534, 0.8141024708747864, 0.5807211995124817, 0.15103410184383392, 0.5740875601768494, -0.8047434687614441),
        ["fov"] = 59.092619025098
    },
    {
        ["cframe"] = CFrame.new(-1.830413818359375, 5.59916877746582, -7.8455657958984375, -0.9879201650619507, 0.08976651728153229, -0.1263187974691391, -0.00021339952945709229, 0.814349889755249, 0.5803743004798889, 0.15496592223644257, 0.5733901858329773, -0.8044935464859009),
        ["fov"] = 58.68561561460118
    },
    {
        ["cframe"] = CFrame.new(-1.83941650390625, 5.518045425415039, -7.716949462890625, -0.9872952699661255, 0.09200537204742432, -0.12954817712306976, -0.00019667670130729675, 0.8145970702171326, 0.5800272226333618, 0.15889523923397064, 0.5726836919784546, -0.8042296767234802),
        ["fov"] = 58.27861220410436
    },
    {
        ["cframe"] = CFrame.new(-1.848419189453125, 5.436921119689941, -7.5883331298828125, -0.9866552948951721, 0.09424135088920593, -0.1327764242887497, -0.00017823651432991028, 0.8148440718650818, 0.5796801447868347, 0.16282199323177338, 0.5719682574272156, -0.8039534091949463),
        ["fov"] = 57.871608793607535
    },
    {
        ["cframe"] = CFrame.new(-1.857421875, 5.35579776763916, -7.459716796875, -0.9860000014305115, 0.09647443145513535, -0.13600346446037292, -0.00015810877084732056, 0.8150908350944519, 0.5793331265449524, 0.1667460799217224, 0.571243941783905, -0.8036643266677856),
        ["fov"] = 57.464605383110715
    },
    {
        ["cframe"] = CFrame.new(-1.866424560546875, 5.2746734619140625, -7.3311004638671875, -0.9853287935256958, 0.098704494535923, -0.1392291784286499, -0.00013627856969833374, 0.8153374195098877, 0.5789860486984253, 0.1706673502922058, 0.5705105066299438, -0.8033620119094849),
        ["fov"] = 57.057601972613895
    },
    {
        ["cframe"] = CFrame.new(-1.86871337890625, 5.254088401794434, -7.2984619140625, -0.9851561784744263, 0.09926994144916534, -0.1400475651025772, -0.00013047456741333008, 0.8154000043869019, 0.578898012638092, 0.17166201770305634, 0.5703230500221252, -0.8032834529876709),
        ["fov"] = 56.954325354072324
    },
    {
        ["cframe"] = CFrame.new(-1.871002197265625, 5.233503341674805, -7.2658233642578125, -0.9849821329116821, 0.09983517229557037, -0.14086581766605377, -0.0001245550811290741, 0.8154624700546265, 0.5788098573684692, 0.17265643179416656, 0.5701348781585693, -0.8032035827636719),
        ["fov"] = 56.85104873553075
    },
    {
        ["cframe"] = CFrame.new(-1.873260498046875, 5.212918281555176, -7.233184814453125, -0.9848071932792664, 0.10040023177862167, -0.14168404042720795, -0.00011853128671646118, 0.8155250549316406, 0.5787217020988464, 0.17365075647830963, 0.5699461102485657, -0.8031230568885803),
        ["fov"] = 56.747772116989175
    },
    {
        ["cframe"] = CFrame.new(-1.87554931640625, 5.192333221435547, -7.2005462646484375, -0.9846314191818237, 0.10096509754657745, -0.14250215888023376, -0.00011239573359489441, 0.8155876398086548, 0.5786335468292236, 0.1746448576450348, 0.5697568655014038, -0.8030417561531067),
        ["fov"] = 56.644495498447604
    },
    {
        ["cframe"] = CFrame.new(-1.877838134765625, 5.171748161315918, -7.16790771484375, -0.9844545722007751, 0.10152977705001831, -0.14332018792629242, -0.00010615214705467224, 0.8156501054763794, 0.5785455703735352, 0.17563877999782562, 0.569567084312439, -0.8029596209526062),
        ["fov"] = 56.54121887990603
    },
    {
        ["cframe"] = CFrame.new(-1.880126953125, 5.151163101196289, -7.135284423828125, -0.9842772483825684, 0.10209428519010544, -0.14413820207118988, -0.00009979307651519775, 0.8157125115394592, 0.5784575343132019, 0.1766325980424881, 0.5693767666816711, -0.8028771281242371),
        ["fov"] = 56.43794226136446
    },
    {
        ["cframe"] = CFrame.new(-1.882415771484375, 5.13057804107666, -7.1026458740234375, -0.9840981960296631, 0.10265855491161346, -0.1449560523033142, -0.00009333714842796326, 0.8157750368118286, 0.5783693790435791, 0.17762616276741028, 0.569185733795166, -0.8027931451797485),
        ["fov"] = 56.33466564282289
    },
    {
        ["cframe"] = CFrame.new(-1.884674072265625, 5.109992980957031, -7.07000732421875, -0.9839180707931519, 0.10322263836860657, -0.14577382802963257, -0.00008678063750267029, 0.8158374428749084, 0.5782812237739563, 0.17861953377723694, 0.5689941048622131, -0.8027082085609436),
        ["fov"] = 56.23138902428131
    },
    {
        ["cframe"] = CFrame.new(-1.886962890625, 5.089407920837402, -7.0373687744140625, -0.983737587928772, 0.10378655046224594, -0.14659152925014496, -0.00008008629083633423, 0.8158999681472778, 0.578193187713623, 0.17961274087429047, 0.568801999092102, -0.8026230931282043),
        ["fov"] = 56.12811240573974
    },
    {
        ["cframe"] = CFrame.new(-1.889251708984375, 5.068822860717773, -7.004730224609375, -0.9835555553436279, 0.1043502539396286, -0.14740914106369019, -0.00007329508662223816, 0.8159623146057129, 0.578105092048645, 0.18060576915740967, 0.5686092376708984, -0.80253666639328),
        ["fov"] = 56.02483578719817
    },
    {
        ["cframe"] = CFrame.new(-1.890594482421875, 5.05679988861084, -6.9856719970703125, -0.98344886302948, 0.10467939078807831, -0.14788660407066345, -0.00006929412484169006, 0.8159987926483154, 0.5780535936355591, 0.18118566274642944, 0.5684964656829834, -0.8024858236312866),
        ["fov"] = 55.96451626016815
    },
    {
        ["cframe"] = CFrame.new(-1.89190673828125, 5.044776916503906, -6.96661376953125, -0.9833419919013977, 0.10500846058130264, -0.14836406707763672, -0.00006522983312606812, 0.816035270690918, 0.5780021548271179, 0.18176549673080444, 0.5683833956718445, -0.8024348616600037),
        ["fov"] = 55.904196733138136
    },
    {
        ["cframe"] = CFrame.new(-1.89324951171875, 5.032753944396973, -6.9475555419921875, -0.9832345247268677, 0.1053374856710434, -0.1488415002822876, -0.00006114691495895386, 0.8160716891288757, 0.5779507160186768, 0.18234527111053467, 0.568270206451416, -0.8023833632469177),
        ["fov"] = 55.84387720610812
    },
    {
        ["cframe"] = CFrame.new(-1.89459228515625, 5.0207319259643555, -6.9284820556640625, -0.9831268787384033, 0.10566642135381699, -0.1493188887834549, -0.00005701184272766113, 0.8161081075668335, 0.5778992772102356, 0.18292497098445892, 0.5681567788124084, -0.802331805229187),
        ["fov"] = 55.78355767907809
    },
    {
        ["cframe"] = CFrame.new(-1.89593505859375, 5.008708953857422, -6.909423828125, -0.9830191135406494, 0.1059952974319458, -0.149796262383461, -0.0000528581440448761, 0.8161445260047913, 0.5778478384017944, 0.1835046261548996, 0.5680432319641113, -0.8022801280021667),
        ["fov"] = 55.723238152048076
    },
    {
        ["cframe"] = CFrame.new(-1.897247314453125, 4.996685981750488, -6.8903656005859375, -0.9829103350639343, 0.10632409155368805, -0.15027357637882233, -0.00004865601658821106, 0.8161810040473938, 0.5777962803840637, 0.18408416211605072, 0.5679293274879456, -0.8022274971008301),
        ["fov"] = 55.66291862501806
    },
    {
        ["cframe"] = CFrame.new(-1.898590087890625, 4.984663009643555, -6.871307373046875, -0.982801616191864, 0.10665284097194672, -0.15075089037418365, -0.00004442036151885986, 0.8162174820899963, 0.5777448415756226, 0.18466369807720184, 0.5678153038024902, -0.8021750450134277),
        ["fov"] = 55.60259909798804
    },
    {
        ["cframe"] = CFrame.new(-1.89910888671875, 4.979981422424316, -6.8638916015625, -0.9827593564987183, 0.10678082704544067, -0.15093673765659332, -0.000042747706174850464, 0.8162316679954529, 0.5777247548103333, 0.18488933145999908, 0.5677708983421326, -0.8021547198295593),
        ["fov"] = 55.579112178139624
    },
    {
        ["cframe"] = CFrame.new(-1.899627685546875, 4.975300312042236, -6.8564605712890625, -0.9827171564102173, 0.10690882056951523, -0.15112259984016418, -0.00004108250141143799, 0.8162457942962646, 0.5777048468589783, 0.18511497974395752, 0.5677265524864197, -0.8021343946456909),
        ["fov"] = 55.5556252582912
    },
    {
        ["cframe"] = CFrame.new(-1.900146484375, 4.970618724822998, -6.8490447998046875, -0.9826744198799133, 0.1070367619395256, -0.15130840241909027, -0.00003941357135772705, 0.8162599802017212, 0.577684760093689, 0.18534056842327118, 0.5676819086074829, -0.8021135926246643),
        ["fov"] = 55.532138338442785
    },
    {
        ["cframe"] = CFrame.new(-1.900665283203125, 4.96593713760376, -6.84161376953125, -0.9826316833496094, 0.10716471076011658, -0.15149421989917755, -0.00003773719072341919, 0.8162741661071777, 0.5776646733283997, 0.18556614220142365, 0.5676373839378357, -0.8020927906036377),
        ["fov"] = 55.50865141859436
    },
    {
        ["cframe"] = CFrame.new(-1.90118408203125, 4.96125602722168, -6.834197998046875, -0.9825889468193054, 0.10729265213012695, -0.15168003737926483, -0.000036057084798812866, 0.8162883520126343, 0.5776446461677551, 0.1857917457818985, 0.5675927996635437, -0.8020719885826111),
        ["fov"] = 55.485164498745945
    },
    {
        ["cframe"] = CFrame.new(-1.901702880859375, 4.956574440002441, -6.8267669677734375, -0.9825466871261597, 0.10742060840129852, -0.1518658846616745, -0.000034358352422714233, 0.8163025379180908, 0.5776246786117554, 0.18601734936237335, 0.5675482749938965, -0.8020516633987427),
        ["fov"] = 55.46167757889752
    },
    {
        ["cframe"] = CFrame.new(-1.9022216796875, 4.951892852783203, -6.8193511962890625, -0.9825039505958557, 0.1075485348701477, -0.15205170214176178, -0.000032667070627212524, 0.8163166642189026, 0.5776046514511108, 0.18624292314052582, 0.5675036907196045, -0.8020309209823608),
        ["fov"] = 55.438190659049106
    },
    {
        ["cframe"] = CFrame.new(-1.902740478515625, 4.947211742401123, -6.8119354248046875, -0.9824612140655518, 0.1076764464378357, -0.15223751962184906, -0.00003096461296081543, 0.8163309097290039, 0.5775845646858215, 0.18646849691867828, 0.5674590468406677, -0.8020101189613342),
        ["fov"] = 55.41470373920069
    },
    {
        ["cframe"] = CFrame.new(-1.90325927734375, 4.942530155181885, -6.80450439453125, -0.9824180603027344, 0.10780433565378189, -0.15242329239845276, -0.000029258430004119873, 0.8163450956344604, 0.5775644183158875, 0.18669402599334717, 0.5674142241477966, -0.801988959312439),
        ["fov"] = 55.391216819352266
    },
    {
        ["cframe"] = CFrame.new(-1.903778076171875, 4.937849044799805, -6.797088623046875, -0.9823752641677856, 0.10793223232030869, -0.15260908007621765, -0.00002753734588623047, 0.816359281539917, 0.5775443911552429, 0.18691956996917725, 0.5673695206642151, -0.8019682168960571),
        ["fov"] = 55.36772989950385
    },
    {
        ["cframe"] = CFrame.new(-1.904296875, 4.933167457580566, -6.7896575927734375, -0.9823325872421265, 0.10806013643741608, -0.15279491245746613, -0.000025819987058639526, 0.8163734674453735, 0.5775244235992432, 0.18714512884616852, 0.5673248767852783, -0.8019474148750305),
        ["fov"] = 55.34424297965543
    },
    {
        ["cframe"] = CFrame.new(-1.904815673828125, 4.928485870361328, -6.7822418212890625, -0.9822892546653748, 0.10818798840045929, -0.15298068523406982, -0.000024091452360153198, 0.8163876533508301, 0.5775042772293091, 0.18737062811851501, 0.5672799348831177, -0.8019261956214905),
        ["fov"] = 55.32075605980701
    },
    {
        ["cframe"] = CFrame.new(-1.90533447265625, 4.923804759979248, -6.774810791015625, -0.9822466969490051, 0.10831587016582489, -0.15316647291183472, -0.000022366642951965332, 0.8164017200469971, 0.5774844288825989, 0.1875961720943451, 0.5672352910041809, -0.8019055724143982),
        ["fov"] = 55.29726913995859
    },
    {
        ["cframe"] = CFrame.new(-1.905853271484375, 4.91912317276001, -6.76739501953125, -0.9822033643722534, 0.1084437146782875, -0.1533522605895996, -0.000020638108253479004, 0.8164159059524536, 0.5774643421173096, 0.1878216564655304, 0.567190408706665, -0.8018843531608582),
        ["fov"] = 55.27378222011017
    },
    {
        ["cframe"] = CFrame.new(-1.906280517578125, 4.915225505828857, -6.7612152099609375, -0.9821674823760986, 0.10855016857385635, -0.15350694954395294, -0.000019185245037078857, 0.8164277672767639, 0.5774476528167725, 0.18800942599773407, 0.5671530961990356, -0.8018667101860046),
        ["fov"] = 55.25422634724516
    },
    {
        ["cframe"] = CFrame.new(-1.906707763671875, 4.911327362060547, -6.755035400390625, -0.9821316003799438, 0.10865660011768341, -0.1536616086959839, -0.000017724931240081787, 0.8164396286010742, 0.5774309039115906, 0.18819716572761536, 0.5671157240867615, -0.8018492460250854),
        ["fov"] = 55.234670474380145
    },
    {
        ["cframe"] = CFrame.new(-1.90716552734375, 4.9074296951293945, -6.7488555908203125, -0.9820952415466309, 0.10876301676034927, -0.15381626784801483, -0.000016279518604278564, 0.816451370716095, 0.5774142146110535, 0.18838487565517426, 0.5670782923698425, -0.8018311858177185),
        ["fov"] = 55.21511460151513
    },
    {
        ["cframe"] = CFrame.new(-1.9075927734375, 4.903531551361084, -6.74267578125, -0.9820593595504761, 0.10886944830417633, -0.15397095680236816, -0.000014815479516983032, 0.8164632320404053, 0.5773975253105164, 0.18857261538505554, 0.5670408606529236, -0.8018137216567993),
        ["fov"] = 55.19555872865012
    },
    {
        ["cframe"] = CFrame.new(-1.90802001953125, 4.899633884429932, -6.7364959716796875, -0.9820234775543213, 0.10897587239742279, -0.1541256457567215, -0.000013355165719985962, 0.816474974155426, 0.577380895614624, 0.18876038491725922, 0.5670034885406494, -0.8017961382865906),
        ["fov"] = 55.17600285578511
    },
    {
        ["cframe"] = CFrame.new(-1.908447265625, 4.895735740661621, -6.730316162109375, -0.9819871187210083, 0.10908226668834686, -0.15428027510643005, -0.000011887401342391968, 0.8164867162704468, 0.5773641467094421, 0.18894806504249573, 0.5669659972190857, -0.801778256893158),
        ["fov"] = 55.156446982920095
    },
    {
        ["cframe"] = CFrame.new(-1.90887451171875, 4.891838073730469, -6.7241363525390625, -0.9819512367248535, 0.10918869078159332, -0.1544349640607834, -0.000010415911674499512, 0.8164985179901123, 0.5773475766181946, 0.18913580477237701, 0.5669285655021667, -0.8017606735229492),
        ["fov"] = 55.13689111005509
    },
    {
        ["cframe"] = CFrame.new(-1.909332275390625, 4.887940406799316, -6.71795654296875, -0.9819151163101196, 0.1092950776219368, -0.15458962321281433, -8.940696716308594e-6, 0.8165103197097778, 0.5773308277130127, 0.1893235146999359, 0.566891074180603, -0.8017429709434509),
        ["fov"] = 55.117335237190076
    },
    {
        ["cframe"] = CFrame.new(-1.909759521484375, 4.884042263031006, -6.7117767333984375, -0.9818785190582275, 0.10940144956111908, -0.1547442525625229, -7.461756467819214e-6, 0.8165222406387329, 0.577314019203186, 0.18951116502285004, 0.566853404045105, -0.8017247915267944),
        ["fov"] = 55.09777936432506
    },
    {
        ["cframe"] = CFrame.new(-1.910186767578125, 4.8801445960998535, -6.705596923828125, -0.9818423390388489, 0.10950782895088196, -0.15489889681339264, -5.971640348434448e-6, 0.8165339827537537, 0.5772973895072937, 0.18969886004924774, 0.5668159127235413, -0.8017070293426514),
        ["fov"] = 55.07822349146005
    },
    {
        ["cframe"] = CFrame.new(-1.910614013671875, 4.876246452331543, -6.6994171142578125, -0.9818060398101807, 0.10961420834064484, -0.15505355596542358, -4.4889748096466064e-6, 0.8165457844734192, 0.5772807002067566, 0.18988654017448425, 0.5667783617973328, -0.801689088344574),
        ["fov"] = 55.05866761859504
    },
    {
        ["cframe"] = CFrame.new(-1.91107177734375, 4.872348785400391, -6.6932373046875, -0.9817699193954468, 0.10972058027982712, -0.15520820021629333, -3.0025839805603027e-6, 0.8165575265884399, 0.5772640705108643, 0.19007423520088196, 0.566740870475769, -0.8016712665557861),
        ["fov"] = 55.039111745730025
    },
    {
        ["cframe"] = CFrame.new(-1.9114990234375, 4.86845064163208, -6.6870574951171875, -0.9817333221435547, 0.10982692241668701, -0.1553628295660019, -1.5124678611755371e-6, 0.8165693283081055, 0.5772473812103271, 0.19026188552379608, 0.566703200340271, -0.8016531467437744),
        ["fov"] = 55.01955587286501
    },
    {
        ["cframe"] = CFrame.new(-1.91192626953125, 4.864552974700928, -6.680877685546875, -0.9816970825195312, 0.1099332869052887, -0.15551747381687164, -7.450580596923828e-9, 0.8165813684463501, 0.5772306323051453, 0.1904495656490326, 0.5666656494140625, -0.8016353845596313),
        ["fov"] = 55
    },
    {
        ["cframe"] = CFrame.new(-0.03125, 1.2888541221618652, -1.0188446044921875, -0.9841234087944031, -0.03464331477880478, 0.1740722358226776, 6.512382432914624e-24, 0.9807657599449158, 0.19518892467021942, -0.17748600244522095, 0.1920899897813797, -0.9651943445205688),
        ["fov"] = 55
    },
    {
        ["cframe"] = CFrame.new(-0.05609130859375, 1.2769289016723633, -1.0562896728515625, -0.9865016937255859, -0.03136733919382095, 0.16071966290473938, -0.0008870884776115417, 0.9824913740158081, 0.1863059550523758, -0.1637495458126068, 0.18364854156970978, -0.9692572355270386),
        ["fov"] = 55
    },
    {
        ["cframe"] = CFrame.new(-0.0809326171875, 1.2650041580200195, -1.093719482421875, -0.9886887669563293, -0.028208306059241295, 0.1473063826560974, -0.0016479045152664185, 0.9841381311416626, 0.17739631235599518, -0.1499738097190857, 0.1751469522714615, -0.9730527997016907),
        ["fov"] = 55
    },
    {
        ["cframe"] = CFrame.new(-0.10577392578125, 1.2530789375305176, -1.13116455078125, -0.9906841516494751, -0.025167087092995644, 0.13383609056472778, -0.0022822413593530655, 0.9857054352760315, 0.16846247017383575, -0.13616260886192322, 0.16658760607242584, -0.9765802025794983),
        ["fov"] = 55
    },
    {
        ["cframe"] = CFrame.new(-0.130615234375, 1.2411541938781738, -1.168609619140625, -0.9924869537353516, -0.022244518622756004, 0.12031250447034836, -0.002789919264614582, 0.9871928691864014, 0.1595068871974945, -0.12231973558664322, 0.1579728126525879, -0.9798381328582764),
        ["fov"] = 55
    },
    {
        ["cframe"] = CFrame.new(-0.15545654296875, 1.2292289733886719, -1.2060546875, -0.9940969944000244, -0.019441422075033188, 0.10673941671848297, -0.0031707994639873505, 0.9886000156402588, 0.15053211152553558, -0.10844908654689789, 0.149305060505867, -0.9828259944915771),
        ["fov"] = 55
    },
    {
        ["cframe"] = CFrame.new(-0.1802978515625, 1.2173042297363281, -1.243499755859375, -0.9955141544342041, -0.016758566722273827, 0.09312056005001068, -0.003424780908972025, 0.9899265170097351, 0.1415405422449112, -0.09455446898937225, 0.14058665931224823, -0.9855433106422424),
        ["fov"] = 55
    },
    {
        ["cframe"] = CFrame.new(-0.205169677734375, 1.2053790092468262, -1.2809295654296875, -0.9967374205589294, -0.014196692034602165, 0.07945967465639114, -0.003551788628101349, 0.9911719560623169, 0.13253474235534668, -0.08063969761133194, 0.13182005286216736, -0.9879886507987976),
        ["fov"] = 55
    },
    {
        ["cframe"] = CFrame.new(-0.230010986328125, 1.1934537887573242, -1.3183746337890625, -0.9977660775184631, -0.01175650767982006, 0.0657605528831482, -0.0035517881624400616, 0.992336094379425, 0.12351708859205246, -0.06670863926410675, 0.12300760298967361, -0.9901610612869263),
        ["fov"] = 55
    },
    {
        ["cframe"] = CFrame.new(-0.254852294921875, 1.1815290451049805, -1.3558197021484375, -0.9986010193824768, -0.009438697248697281, 0.05202704295516014, -0.0034247799776494503, 0.9934185147285461, 0.11449021846055984, -0.05276520177721977, 0.11415187269449234, -0.9920610189437866),
        ["fov"] = 55
    },
    {
        ["cframe"] = CFrame.new(-0.279693603515625, 1.1696038246154785, -1.39324951171875, -0.999241828918457, -0.007243899628520012, 0.03826291114091873, -0.0031707999296486378, 0.9944188594818115, 0.10545659065246582, -0.03881321847438812, 0.10525527596473694, -0.9936878681182861),
        ["fov"] = 55
    },
    {
        ["cframe"] = CFrame.new(-0.304534912109375, 1.1576790809631348, -1.430694580078125, -0.9996874332427979, -0.005172716453671455, 0.024471942335367203, -0.002789917401969433, 0.9953369498252869, 0.09641863405704498, -0.02485651522874832, 0.09632019698619843, -0.995040237903595),
        ["fov"] = 55
    },
    {
        ["cframe"] = CFrame.new(-0.329376220703125, 1.1457538604736328, -1.4681396484375, -0.999937891960144, -0.003225726308301091, 0.010657992213964462, -0.002282237634062767, 0.9961725473403931, 0.08737890422344208, -0.010898999869823456, 0.08734916150569916, -0.9961180686950684),
        ["fov"] = 55
    },
    {
        ["cframe"] = CFrame.new(-0.27734375, 1.1479578018188477, -1.459320068359375, -0.9999971985816956, -0.002381156897172332, 0.0007535345503129065, -0.002318254904821515, 0.9972065091133118, 0.07465816289186478, -0.0009291426977142692, 0.074656181037426, -0.9972091913223267),
        ["fov"] = 55
    },
    {
        ["cframe"] = CFrame.new(-0.22528076171875, 1.1501622200012207, -1.45050048828125, -0.9999566674232483, -0.0016628263983875513, -0.009160974062979221, -0.0022270253393799067, 0.9980782866477966, 0.06192551180720329, 0.00904045719653368, 0.06194322928786278, -0.9980387687683105),
        ["fov"] = 55
    },
    {
        ["cframe"] = CFrame.new(-0.173248291015625, 1.1523666381835938, -1.441680908203125, -0.9998173117637634, -0.0010709251509979367, -0.01908293180167675, -0.0020085754804313183, 0.9987877011299133, 0.049184348434209824, 0.019007185474038124, 0.04921369627118111, -0.9986073970794678),
        ["fov"] = 55
    },
    {
        ["cframe"] = CFrame.new(-0.1212158203125, 1.1545705795288086, -1.432861328125, -0.9995791912078857, -0.000605607230681926, -0.029009753838181496, -0.0016629613237455487, 0.9993345141410828, 0.03643798828125, 0.028968440368771553, 0.036470890045166016, -0.9989150166511536),
        ["fov"] = 55
    },
    {
        ["cframe"] = CFrame.new(-0.06915283203125, 1.1567745208740234, -1.424041748046875, -0.9992417097091675, -0.00026699405862018466, -0.03893883153796196, -0.0011902735568583012, 0.9997186660766602, 0.023689771071076393, 0.03892161324620247, 0.023718150332570076, -0.9989608526229858),
        ["fov"] = 55
    },
    {
        ["cframe"] = CFrame.new(-0.017120361328125, 1.1589789390563965, -1.41522216796875, -0.9988057017326355, -0.000055174641602206975, -0.048867568373680115, -0.0005906354635953903, 0.9999399185180664, 0.010943016968667507, 0.04886408895254135, 0.010958806611597538, -0.9987457394599915),
        ["fov"] = 55
    },
    {
        ["cframe"] = CFrame.new(0.11181640625, 1.1753120422363281, -1.360137939453125, -0.9984951615333557, -0.0008920502732507885, -0.05483480170369148, -0.000590639072470367, 0.999984622001648, -0.005512675270438194, 0.054838936775922775, -0.005471991375088692, -0.9984803795814514),
        ["fov"] = 55
    },
    {
        ["cframe"] = CFrame.new(0.24072265625, 1.191645622253418, -1.3050689697265625, -0.998149037361145, -0.0018271233420819044, -0.06078639626502991, -0.000492170627694577, 0.9997585415840149, -0.021969100460410118, 0.06081191450357437, -0.02189852111041546, -0.997908890247345),
        ["fov"] = 55
    },
    {
        ["cframe"] = CFrame.new(0.369659423828125, 1.2079792022705078, -1.25, -0.9977679252624512, -0.002859987784177065, -0.066719651222229, -0.0002952534705400467, 0.9992616772651672, -0.03841869905591011, 0.06678032875061035, -0.038313236087560654, -0.997032105922699),
        ["fov"] = 55
    },
    {
        ["cframe"] = CFrame.new(0.49859619140625, 1.2243123054504395, -1.194915771484375, -0.9973508715629578, -0.003990143537521362, -0.07263178378343582, 4.656612873077393e-10, 0.9984944462776184, -0.0548538975417614, 0.07274136692285538, -0.054708581417798996, -0.9958492517471313),
        ["fov"] = 55
    },
    {
        ["cframe"] = CFrame.new(0.444427490234375, 1.10968017578125, -1.2744903564453125, -0.9870345592498779, -0.009667498990893364, -0.16021794080734253, -0.00030892388895154, 0.9982970952987671, -0.05833378806710243, 0.1605091094970703, -0.05752795562148094, -0.9853566884994507),
        ["fov"] = 55
    },
    {
        ["cframe"] = CFrame.new(0.3902587890625, 0.9950475692749023, -1.3540802001953125, -0.9690095782279968, -0.015571419149637222, -0.24653273820877075, -0.00030892388895154, 0.9980868697166443, -0.06182659789919853, 0.24702388048171997, -0.05983439460396767, -0.9671605825424194),
        ["fov"] = 55
    },
    {
        ["cframe"] = CFrame.new(0.336090087890625, 0.8804152011871338, -1.43365478515625, -0.943416953086853, -0.021655717864632607, -0.33090096712112427, 1.862645149230957e-9, 0.9978653192520142, -0.06530501693487167, 0.3316088914871216, -0.06160986050963402, -0.9414030909538269),
        ["fov"] = 55
    },
    {
        ["cframe"] = CFrame.new(0.31988525390625, 0.8804154396057129, -1.427764892578125, -0.9398911595344543, -0.022299980744719505, -0.3407464623451233, 9.313225746154785e-10, 0.9978653788566589, -0.06530481576919556, 0.3414754271507263, -0.061379387974739075, -0.9378848075866699),
        ["fov"] = 55
    },
    {
        ["cframe"] = CFrame.new(0.30364990234375, 0.8804154396057129, -1.4218902587890625, -0.9362613558769226, -0.02294178679585457, -0.3505544662475586, 6.195657934912009e-24, 0.9978654384613037, -0.06530458480119705, 0.35130444169044495, -0.06114215776324272, -0.9342626929283142),
        ["fov"] = 55
    },
    {
        ["cframe"] = CFrame.new(1.0953369140625, 1.1108059883117676, -1.6761627197265625, 0.9261058568954468, -0.012875675223767757, 0.37704411149024963, -6.128454479965778e-24, 0.9994175434112549, 0.03412909433245659, -0.37726396322250366, -0.03160715475678444, 0.9255663156509399),
        ["fov"] = 45
    },
    {
        ["cframe"] = CFrame.new(1.40020751953125, 1.0619111061096191, -1.9727935791015625, 0.8841458559036255, -0.0061120083555579185, 0.4671710729598999, -0.0017647980712354183, 0.9998636245727539, 0.016421210020780563, -0.46720778942108154, -0.015343207865953445, 0.8840144872665405),
        ["fov"] = 46.16289657820952
    },
    {
        ["cframe"] = CFrame.new(1.705047607421875, 1.013016700744629, -2.269439697265625, 0.8334693312644958, 0.00223316322080791, 0.5525612831115723, -0.0017647973727434874, 0.9999974370002747, -0.0013794908300042152, -0.552562952041626, 0.000174604807398282, 0.8334711790084839),
        ["fov"] = 47.32185828250461
    },
    {
        ["cframe"] = CFrame.new(2.009918212890625, 0.9641218185424805, -2.566070556640625, 0.774591326713562, 0.012075018137693405, 0.6323468089103699, -5.125815424873493e-24, 0.9998177289962769, -0.019092082977294922, -0.6324620842933655, 0.014788561500608921, 0.7744501233100891),
        ["fov"] = 48.47296355333861
    },
    {
        ["cframe"] = CFrame.new(1.3984375, 0.9851219654083252, -2.4494476318359375, 0.9126981496810913, 0.0007884750375524163, 0.40863361954689026, -6.0397297162337604e-24, 0.999998152256012, -0.0019295369274914265, -0.40863439440727234, 0.0017610847717151046, 0.9126964807510376),
        ["fov"] = 49.6123174148488
    },
    {
        ["cframe"] = CFrame.new(1.87646484375, 0.8869040012359619, -3.070098876953125, 0.7531859278678894, 0.034856028854846954, 0.6568835377693176, 1.8626449271863521e-9, 0.998595118522644, -0.05298817530274391, -0.6578077077865601, 0.03990994766354561, 0.7521278262138367),
        ["fov"] = 50.736064654221806
    },
    {
        ["cframe"] = CFrame.new(1.80914306640625, 0.8093850612640381, -3.431121826171875, 0.757386326789856, 0.06271067261695862, 0.64994877576828, 0.00013888627290725708, 0.9953620433807373, -0.09619992226362228, -0.6529670357704163, 0.07295077294111252, 0.7538648843765259),
        ["fov"] = 51.84040286651337
    },
    {
        ["cframe"] = CFrame.new(1.741851806640625, 0.7318661212921143, -3.7921600341796875, 0.7615556716918945, 0.09023558348417282, 0.6417871117591858, -5.03955269602667e-24, 0.9902600646018982, -0.13923102617263794, -0.6480996608734131, 0.10603217780590057, 0.7541379928588867),
        ["fov"] = 52.92159532078313
    },
    {
        ["cframe"] = CFrame.new(1.29534912109375, 0.6641895771026611, -3.8725128173828125, 0.9021174907684326, 0.07666405290365219, 0.4246254563331604, -5.969712788869059e-24, 0.9840898513793945, -0.1776725798845291, -0.4314906895160675, 0.16028153896331787, 0.8877645134925842),
        ["fov"] = 53.975983604009244
    },
    {
        ["cframe"] = CFrame.new(1.269287109375, 0.6675548553466797, -4.070343017578125, 0.9278198480606079, 0.06698226183652878, 0.36696550250053406, 0.0001461617648601532, 0.9836810231208801, -0.1799209862947464, -0.37302860617637634, 0.16698791086673737, 0.9126690030097961),
        ["fov"] = 55
    },
    {
        ["cframe"] = CFrame.new(1.243255615234375, 0.6709203720092773, -4.268157958984375, 0.9497382640838623, 0.056891877204179764, 0.30783194303512573, 0.0001461673527956009, 0.9832664132118225, -0.18217310309410095, -0.31304508447647095, 0.17306175827980042, 0.9338374733924866),
        ["fov"] = 55.99017956141612
    },
    {
        ["cframe"] = CFrame.new(1.217193603515625, 0.6742856502532959, -4.4659881591796875, 0.9677833318710327, 0.04643406346440315, 0.2474660724401474, 3.725290298461914e-9, 0.9828477501869202, -0.184419646859169, -0.2517848610877991, 0.17847825586795807, 0.9511834979057312),
        ["fov"] = 56.943171834055725
    },
    {
        ["cframe"] = CFrame.new(1.1910400390625, 0.6446113586425781, -4.4577789306640625, 0.9587090015411377, 0.053030651062726974, 0.2794007658958435, 0.00005994737148284912, 0.9824224710464478, -0.18667085468769073, -0.2843889594078064, 0.1789797693490982, 0.9418541193008423),
        ["fov"] = 57.85575219373079
    },
    {
        ["cframe"] = CFrame.new(1.164886474609375, 0.6149368286132812, -4.449554443359375, 0.94853675365448, 0.05964019522070885, 0.31100016832351685, 0.00019738636910915375, 0.9819929003715515, -0.1889178603887558, -0.3166670799255371, 0.17925693094730377, 0.9314445853233337),
        ["fov"] = 58.72483275737467
    },
    {
        ["cframe"] = CFrame.new(1.13873291015625, 0.5852625370025635, -4.44134521484375, 0.937278151512146, 0.06625504046678543, 0.3422277569770813, 0.0004121437668800354, 0.981559157371521, -0.19115792214870453, -0.34858202934265137, 0.1793092042207718, 0.9199666976928711),
        ["fov"] = 59.54747283146098
    },
    {
        ["cframe"] = CFrame.new(1.1429443359375, 0.5752754211425781, -4.57659912109375, 0.937476396560669, 0.07292761653661728, 0.34032267332077026, 0.0002858377993106842, 0.9776399731636047, -0.2102855145931244, -0.34804874658584595, 0.19723498821258545, 0.9164935946464539),
        ["fov"] = 60.32088886237956
    },
    {
        ["cframe"] = CFrame.new(1.147125244140625, 0.5652885437011719, -4.7118682861328125, 0.9376733899116516, 0.07956235855817795, 0.3382873833179474, 0.00014843419194221497, 0.9733476042747498, -0.22933465242385864, -0.3475176990032196, 0.21509122848510742, 0.912670373916626),
        ["fov"] = 61.04246385510088
    },
    {
        ["cframe"] = CFrame.new(1.151336669921875, 0.5553014278411865, -4.8471221923828125, 0.9378691911697388, 0.08615544438362122, 0.33612293004989624, -6.206297696371177e-24, 0.9686846137046814, -0.2482944279909134, -0.34698909521102905, 0.23286768794059753, 0.9084994196891785),
        ["fov"] = 61.709756228258726
    },
    {
        ["cframe"] = CFrame.new(1.1593017578125, 0.6088683605194092, -4.9745025634765625, 0.9384379386901855, 0.08263721317052841, 0.3354180157184601, 0.00002771615982055664, 0.9709479212760925, -0.23929081857204437, -0.3454478085041046, 0.22456888854503632, 0.9111721515655518),
        ["fov"] = 62.32050807568877
    },
    {
        ["cframe"] = CFrame.new(1.16729736328125, 0.6624355316162109, -5.101898193359375, 0.9390041828155518, 0.07912533730268478, 0.3346794545650482, 0.0000706799328327179, 0.9731276035308838, -0.23026639223098755, -0.3439057767391205, 0.21624475717544556, 0.9137653112411499),
        ["fov"] = 62.87265280646824
    },
    {
        ["cframe"] = CFrame.new(1.175262451171875, 0.7160024642944336, -5.229278564453125, 0.9395676255226135, 0.07562031596899033, 0.33390745520591736, 0.0001288875937461853, 0.9752233624458313, -0.2212224155664444, -0.3423633277416229, 0.20789645612239838, 0.916278600692749),
        ["fov"] = 63.364322137605484
    },
    {
        ["cframe"] = CFrame.new(1.19549560546875, 0.7712252140045166, -5.365325927734375, 0.9386394023895264, 0.07387926429510117, 0.3368944823741913, 0.00025903433561325073, 0.9766374826431274, -0.2148934304714203, -0.344899982213974, 0.20179471373558044, 0.9166913032531738),
        ["fov"] = 63.79385241571816
    },
    {
        ["cframe"] = CFrame.new(1.2156982421875, 0.8264479637145996, -5.501373291015625, 0.9377040863037109, 0.07211840152740479, 0.3398676812648773, 0.0003716573119163513, 0.9780105948448181, -0.20855490863323212, -0.3474349081516266, 0.1956890970468521, 0.9170576930046082),
        ["fov"] = 64.15979024630978
    },
    {
        ["cframe"] = CFrame.new(1.235931396484375, 0.8816709518432617, -5.637420654296875, 0.9367615580558777, 0.07033786177635193, 0.3428269028663635, 0.00046674907207489014, 0.9793426394462585, -0.2022073119878769, -0.349967896938324, 0.1895800679922104, 0.9173777103424072),
        ["fov"] = 64.46089741159648
    },
    {
        ["cframe"] = CFrame.new(1.25616455078125, 0.9368937015533447, -5.773468017578125, 0.9358121156692505, 0.06853777915239334, 0.3457719087600708, 0.0005443133413791656, 0.9806334972381592, -0.19585111737251282, -0.35249876976013184, 0.1834680736064911, 0.9176514148712158),
        ["fov"] = 64.69615506024417
    },
    {
        ["cframe"] = CFrame.new(1.28863525390625, 0.9937725067138672, -5.918182373046875, 0.9333047866821289, 0.06844868510961533, 0.35250094532966614, 0.0006319843232631683, 0.9813493490219116, -0.19223183393478394, -0.3590846359729767, 0.17963367700576782, 0.915854811668396),
        ["fov"] = 64.86476715483886
    },
    {
        ["cframe"] = CFrame.new(1.32110595703125, 1.0506510734558105, -6.062896728515625, 0.9307509660720825, 0.06833159178495407, 0.3592122793197632, 0.0006936602294445038, 0.9820519685745239, -0.18860934674739838, -0.3656531572341919, 0.1757975071668625, 0.9139983654022217),
        ["fov"] = 64.96616316542537
    },
    {
        ["cframe"] = CFrame.new(1.353607177734375, 1.107530117034912, -6.207611083984375, 0.9281507730484009, 0.06818649917840958, 0.3659052848815918, 0.0007293261587619781, 0.9827412962913513, -0.18498395383358002, -0.3722037076950073, 0.17195986211299896, 0.9120823740959167),
        ["fov"] = 65
    },
    {
        ["cframe"] = CFrame.new(1.386077880859375, 1.1644086837768555, -6.352325439453125, 0.9255046248435974, 0.06801339983940125, 0.37257930636405945, 0.000738978385925293, 0.983417272567749, -0.18135596811771393, -0.37873563170433044, 0.1681211143732071, 0.9101069569587708),
        ["fov"] = 65
    },
    {
